0.0346153 0.128789 -0.00683418 -0.193157 -0.0944433 0.0620792 0.10552 -0.00209654 -0.0715556 -0.150666 0.0871955 0.216731 -0.0627169 0.0830577 -0.106075 0.042024 0.0138352 -0.0706898 0.129728 0.0358678 0.0120695 0.0666221 -0.151923 0.11456 
-0.0770039 0.0302872 -0.087836 -0.0726015 -0.0602944 0.0281757 -0.0814206 0.0322859 -0.0476335 -0.0941181 0.0973048 -0.0787709 0.0995283 -0.039677 0.0687902 -0.0582327 0.0585677 0.0336762 0.0107919 -0.0212622 0.084432 -0.0135756 0.0169375 -0.0649795 
0.0679434 -0.214301 -0.0442596 0.160669 0.0182184 -0.0630174 -0.0035794 0.152919 -0.0297983 0.00406406 -0.0745885 0.116317 0.07199 0.109368 -0.169696 -0.039195 -0.082116 -0.0715911 -0.0788582 0.0782914 -0.0818453 -0.0942045 -0.087304 -0.0322819 
-0.0998629 0.072504 0.106906 -0.0128334 0.123559 -0.134726 -0.0106313 -0.0083502 0.219815 -0.29981 -0.121956 0.305767 0.0631287 0.137728 0.129377 0.0424394 -0.018894 0.00853124 0.0950234 -0.240733 0.0290728 0.0475741 -0.106658 0.236515 
0.0454045 -0.0115495 0.0493511 0.0395414 0.0214477 -0.04794 -0.0752848 0.0475576 0.173109 0.00140528 -0.107697 0.00285523 0.00301555 -0.117913 -0.0377232 -0.0961436 0.0667725 0.0734219 0.0265054 0.0211575 0.0398869 -0.074326 -0.106721 0.119818 
0.103236 -0.0347353 -0.124462 -0.0714961 -0.0420128 0.0330648 -0.0966973 -0.139414 -0.128841 0.15499 0.0650292 -0.215988 0.0897661 0.0900104 -0.00866515 -0.0578599 -0.0519332 0.0169356 0.0706701 -0.0587559 -0.0789246 -0.0884155 -0.0624444 0.116844 
0.0304104 -0.0876365 -0.0938827 0.0733294 -0.0711951 0.149565 -0.0403547 -0.0335333 -0.045002 0.0085363 -0.0767709 0.0175653 0.0239039 -0.109158 -0.00874243 -0.0688985 -0.0888233 -0.00542643 -0.0535406 -0.0195292 -0.00868756 -0.0572649 0.058381 0.00534451 
-0.0133275 -0.245283 0.0109767 0.136356 0.0463949 -0.092056 0.0509171 0.0939532 -0.00127813 0.0454544 -0.0225745 -0.162191 -0.081157 0.0133015 -0.154348 -0.0262408 -3.95009e-05 -0.116102 0.0338046 0.0882453 -0.0343702 -0.0798312 0.0321563 -0.0105151 
0.207355 -0.0683012 -0.142271 -0.0902619 0.167916 -0.126283 0.00342412 0.0420654 -0.119793 -0.153678 0.000959597 0.124552 -0.0473403 0.0978538 -0.0494157 -0.0444199 -0.0821688 -0.114828 0.0155664 0.234592 -0.0175261 0.0519128 0.0972061 -0.0440868 
-0.0684309 0.126003 0.00119003 0.0304681 0.0109937 -0.0940771 0.0660737 -0.0293773 -0.103034 -0.0978417 0.12242 0.0365686 0.0199841 -0.00383075 0.0346348 0.0472431 -0.0149547 -0.0507042 0.108134 -0.0070188 0.033815 -0.0302592 0.0268625 0.0215124 
0.0314829 -0.0434882 -0.0607614 0.0602273 -0.0118591 -0.0293008 -0.0716593 -0.0830529 0.0236932 0.0332912 0.00852103 -0.0484632 -0.099784 -0.098461 -0.0643734 0.0200187 0.0109483 -0.0582194 -0.0765525 0.0364884 0.064615 -0.0975981 -0.00645987 6.62232e-06 
0.174503 -0.0919433 -0.0456048 -0.103666 0.0550917 0.00929333 -0.0696656 -0.0883031 -0.147842 0.110225 -0.0881334 0.0477095 0.0745716 -0.0562627 0.163128 0.168545 -0.071213 0.263876 -0.00264742 -0.22394 0.0367797 -0.070241 -0.113038 0.14252 
-0.0863059 -0.0662671 0.0396067 0.131867 -0.177971 -0.00934494 0.18217 -0.0394369 0.0216812 0.135355 -0.042034 0.0127602 0.0176831 0.153231 0.0676538 0.107353 -0.0197247 0.0774481 0.0836553 0.0271184 -0.074235 0.0839895 -0.0472919 0.0577699 
-0.0614574 0.116279 0.0431095 0.0329119 0.032309 -0.0247215 0.0643537 0.0146337 -0.0380219 -0.0646495 -0.0471 -0.0836066 0.0304373 -0.0567565 0.0465395 -0.0719605 -0.0456049 0.0403111 -0.0925747 0.0214447 0.0946783 -0.0238682 -0.0895067 -0.0392971 
-0.0263752 -0.0741362 0.118551 0.100917 0.180928 -0.0813046 -0.00781139 0.0319919 0.106474 0.0539152 0.0615183 -0.0865059 -0.00863814 -0.0339292 0.156541 -0.00897285 -0.028089 0.0381697 0.000855124 -0.159123 -0.0854912 0.00612521 -0.0923464 0.0599984 
0.060014 -0.00663033 -0.0749691 0.016121 0.00103972 0.174029 -0.131594 -0.12058 0.110392 -0.0832279 0.0602626 0.00802838 0.0762234 0.059448 -0.0243141 -0.0148786 0.0617683 0.0648178 -0.040253 0.163557 0.078248 0.0434228 0.00180773 -0.0289444 
0.132644 -0.0329476 -0.0726558 -0.0974888 -0.039008 0.00619561 0.126601 0.0700285 -0.168192 0.105002 0.119361 -0.0535394 -0.0626839 -0.13224 0.0919198 -0.00682516 -0.0483653 0.145176 0.028732 -0.155131 0.0411182 0.0406528 -0.00182967 0.148789 
0.0674147 -0.00418847 -0.0999356 0.0642861 -0.110388 -0.075809 0.0650832 0.0830456 -0.0952867 0.0853911 -0.0994902 0.0153149 -0.043044 -0.111877 -0.028142 0.0951932 0.0746683 -0.0989996 -0.0825652 0.0828695 -0.0538523 -0.0943695 -0.0372907 0.00285178 
-0.0575029 -0.0343121 -0.0243504 -0.00955976 0.102478 -0.00454386 0.00233987 -0.0313207 0.00791888 -0.0989388 0.0264033 0.062507 -0.0157867 -0.0604989 -0.0809061 0.0155209 -0.087907 0.0285865 -0.0727973 -0.0575062 0.0294855 0.0712331 -0.0252449 -0.013081 
-0.110127 -0.0251907 0.123693 0.0834512 0.0208917 -0.0102464 0.0491477 -0.102539 0.235332 -0.0509343 -0.118322 -0.112965 -0.0823178 -0.05428 0.044652 0.0306353 0.0446974 0.0502452 0.0157748 -0.12896 0.0197076 -0.148106 0.0135542 0.122831 
-0.244289 0.162363 -0.0191133 -0.0789443 -0.0447814 0.0558323 0.155832 -0.107872 0.13556 0.0597154 -0.0523703 -0.128025 0.0197678 0.201157 -0.152369 -0.0353604 -0.0266511 -0.231311 0.173552 -0.113836 0.0685318 -0.121917 0.0570188 -0.0764716 
0.0397938 -0.0191714 -0.0535872 0.0641529 0.0937747 -0.0609633 -0.0424708 -0.0156094 0.117518 0.0832728 -0.097238 0.0445132 -0.0140403 -0.0943286 0.011105 -0.00933508 0.0477691 0.117344 0.00870485 0.00199166 -0.0650753 -0.122248 0.119208 0.0350932 
0.073395 -0.143219 -0.0959131 0.211444 -0.0905333 -0.104748 0.15644 -0.020163 0.0564843 0.0218212 -0.0724732 -0.0957018 0.0678115 0.0777806 0.0349634 0.00246676 -0.0178081 0.130383 0.158178 0.0491789 -0.00160786 -0.0546168 -0.00513827 0.186091 
-0.0683412 -0.0631538 -0.0357903 -0.00671113 -0.0162438 0.0410894 -0.0979382 0.08957 0.00546235 0.0427098 0.0324801 0.014931 -0.0438582 -0.0518162 -0.0862739 0.0720856 -0.0985348 0.059521 -0.0915396 -0.00454379 0.0553175 0.0684145 -0.0134506 -0.0523404 
0.180846 0.13465 -0.135141 -0.197621 -0.0200157 -0.0620966 0.0501564 -0.154031 0.0608847 0.0192352 0.0633047 0.107107 0.0280455 0.165072 -0.0744867 -0.0916113 0.0416267 -0.147829 0.119312 -0.0565356 0.0582853 0.0287944 0.0110059 0.0495754 
-0.0081859 -0.0211796 -0.0462231 -0.0099925 -0.126405 -0.121664 0.150077 0.0736462 0.0560831 -0.00974963 -0.0339355 0.0737124 0.00175712 0.170055 -0.0502107 -0.0486225 0.0185674 -0.0585472 0.238164 -0.0508664 -0.0368509 -0.124113 0.0160678 0.0863182 
-0.0269513 -0.0784986 0.101755 -0.0955994 -0.080276 0.0456992 0.0911526 -0.0449735 -0.0517308 0.00727362 -0.0592154 0.0909946 -0.0434311 -0.0832508 -0.0203272 0.0771944 -0.040502 0.0853005 0.0383108 0.0668934 0.0946666 -0.0229262 -0.0419508 0.0661517 
0.0624593 0.0603199 -0.0699846 0.0602878 0.0317197 -0.0218336 -0.0554578 0.0744028 -0.139085 0.0860158 -0.0889392 0.0439074 0.0589228 0.0253508 0.0365468 0.0561126 -0.0518023 0.0590633 0.0258114 -0.0667156 0.00874167 -0.0710633 -0.130832 -0.0214805 
0.0579314 -0.23582 -0.0685291 0.171635 0.0257919 -0.147728 -0.0514085 0.138257 -0.0921156 0.167991 0.102576 -0.0994149 0.012948 0.17253 -0.200293 0.013392 -0.0393217 -0.155698 0.132623 -0.0564592 -0.0408004 -0.0133315 0.0571704 0.0889135 
0.109948 0.108721 0.0310045 0.0653925 0.181644 -0.0151908 -0.115584 -0.0967537 0.0545694 -0.00527328 0.0393199 0.001009 -0.0413182 -0.0733788 0.0428036 0.0547655 0.0657763 -0.0418811 -0.161878 0.155995 -0.0320447 -0.103085 -0.012919 -0.0185485 
0.124007 0.0817957 -0.057943 -0.0383346 0.186324 -0.0275985 -0.0203958 -0.0641935 -0.0168996 -0.0244299 -0.0757542 0.101565 -0.0365484 0.0231168 0.115375 0.0289372 -0.00902504 -0.159539 -0.0563298 0.15195 0.0241714 0.0988108 0.00620063 -0.0565346 
0.186886 0.102154 -0.196017 0.101985 0.0632662 0.0672664 -0.147538 0.0436167 0.251222 0.205819 -0.132003 -0.203905 -0.00251328 0.276174 0.0956406 -0.0704052 -0.040483 -0.0176259 0.0422644 -0.00573462 -0.00905107 -0.161579 0.055001 0.130465 
0.116585 -0.038478 -0.139135 0.24004 -0.0666763 -0.0827124 -0.0680705 -0.11465 -0.0555043 -0.101716 -0.0552004 -0.0155262 -0.108596 0.0265585 -0.0595461 -0.0936709 0.041701 -0.138104 0.0110589 0.00796453 0.16101 -0.00661684 -0.0676558 0.0462145 0.0108365 -0.00987282 -0.0800449 0.0224324 -0.18772 0.0997568 -0.0157547 0.12961 
0.0360407 -0.0651636 -0.0523177 -0.0910262 -0.061602 0.114469 0.058068 0.0232746 0.0188613 -0.0486134 -0.0469143 -0.136066 -0.0640583 -0.0146902 -0.105951 0.045846 0.0518106 0.00731444 0.00465905 -0.0281895 0.0244383 0.0485644 0.0432035 -0.0118688 0.0530005 -0.0876163 0.0357236 -0.121234 0.132933 0.103912 0.076953 0.0664674 
0.0404819 0.0837496 -0.0485627 0.051694 -0.0599288 -0.041546 -0.00925356 -0.075134 -0.117106 0.0632519 0.0317887 0.183821 -0.102273 -0.012476 0.136143 -0.0319754 0.0294033 0.000387417 0.0992666 0.172156 0.0829843 0.131774 0.0990816 -0.0992893 -0.0708031 -0.0449888 0.074407 -0.0564463 -0.0300948 -0.0039873 -0.127129 -0.00374421 
0.0252639 0.0801438 -0.0983652 -0.0568428 -0.0498707 -0.0765657 -0.0408426 -0.00581559 -0.108563 -0.0597759 0.0920834 0.11911 0.0407316 -0.0773764 -0.0772705 -0.0957301 0.148977 0.0392728 0.0487875 -0.0285323 -0.0286485 -0.0965354 -0.11216 0.0185527 -0.00494308 -0.0773539 0.0841071 0.0999536 -0.173232 -0.0718795 -0.075873 -0.135059 
-0.0848834 -0.0529845 0.0565121 0.121505 0.0113881 0.0016047 0.00826846 0.0083506 0.0422052 0.098536 0.0630123 -0.00223175 0.0245658 0.0939595 -0.00398514 0.0875498 0.0354994 0.0463921 0.0524781 -0.00909441 -0.0277276 -0.000390703 0.0445224 0.0443035 -0.0504489 0.140257 0.0945602 0.042546 0.139277 -0.0245582 0.044441 -0.0171378 
0.101817 -0.0331238 -0.0306554 -0.0812284 -0.102327 -0.00445545 -0.0803242 -0.123917 -0.116613 -0.0831261 -0.0646862 0.0347427 0.067042 -0.0590176 0.0518843 0.0154923 -0.060647 0.0182445 -0.0114259 -0.0810742 0.0973339 0.0031198 -0.125949 -0.0339123 0.142959 -0.0733568 0.0653746 -0.0715726 -0.129607 0.0130122 -0.0892713 0.0494427 
-0.042261 -0.0858624 -0.0292774 -0.0334724 -0.0551054 0.139027 0.00903574 -0.0464239 0.0855661 0.030896 -0.0681314 -0.188856 -0.0345294 -0.0657207 -0.031051 -0.0892665 -0.0964637 -0.121516 0.039187 0.0587865 0.0561979 0.0274881 -0.0514429 -0.0373869 0.0683247 0.0251935 -0.0924937 0.02491 0.046803 0.0470049 0.123519 0.23759 
-0.0661042 -0.106584 -0.14713 -0.0113187 -0.0385602 0.10059 0.00986832 -0.0789994 -0.121468 -0.0968403 -0.0409718 0.0230303 -0.00191247 0.00415583 -0.0264456 -0.108205 0.0404205 -0.0168676 0.0412787 0.083694 0.187475 -0.0861725 0.0564468 -0.0371802 0.100313 0.053225 0.0664336 0.0513493 -0.0370743 -0.0931442 0.0354561 0.0831201 
0.0408759 0.0421213 -0.0928733 0.084855 0.130047 0.0136585 -0.110486 -0.137396 -0.048296 -0.132605 0.00588425 0.136008 -0.132652 -0.0878264 -0.0170103 -0.0300171 0.0151472 -0.0550991 0.0944472 0.0555334 -0.0801014 0.148851 0.0764561 0.0315964 0.103621 -0.0348323 -0.0688527 -0.0108314 0.00236765 0.0138048 0.0218387 0.198512 
0.050158 -0.0776507 0.0776572 -0.0841137 -0.0933107 0.0772334 0.0180525 -0.021476 0.0542424 0.0464885 -0.0305059 -0.0170986 -0.0350456 -0.0676846 0.0443903 -0.0561615 0.118635 0.0827195 0.041152 -0.108192 -0.108834 0.0291327 -0.00328846 0.0166912 -0.0786733 -0.0619687 0.0238442 -0.0639743 -0.00512017 -0.134869 0.096277 -0.187378 
0.138557 0.0828999 -0.0353789 -0.105624 0.0125258 0.0132919 0.0261969 -0.0633739 0.151242 0.00781245 0.0332488 -0.0851979 -0.00618553 -0.0457573 -0.176739 0.141727 -0.0339413 0.0323758 0.0255918 -0.129552 -0.0957889 0.00204095 -0.0917499 -0.0110942 0.0561209 -0.0567279 0.0286445 -0.0574691 -0.00171039 0.0510708 0.106337 0.0804764 
0.0685693 -0.0791068 -0.00695906 0.096036 0.00830246 -0.0682311 -0.065844 0.00225051 -0.0777101 0.00530183 0.0151355 -0.0837892 0.0337807 -0.0993433 -0.0068732 0.00539518 0.00150637 -0.0141585 0.0100583 0.00115852 0.0187077 -0.0126028 0.0871128 0.100565 -0.0690758 0.0384057 0.0403138 0.0153166 0.0220995 0.0315196 0.0437471 -0.0332793 
0.121011 -0.10101 0.109947 0.0907318 0.0154001 -0.106833 0.0732314 0.0585449 0.146764 -0.0331605 0.0334575 -0.114794 -0.140015 -0.0426623 0.0377496 0.090459 -0.170082 0.0788927 -0.0165569 -0.0390997 -0.0313907 -0.101312 -0.112447 0.0720286 0.0111672 -0.0695043 0.105087 0.0407911 -0.0527566 -0.0606922 0.156086 -0.102386 
-0.131546 -0.0259523 -0.118008 -0.160341 -0.019559 0.0830805 -0.0943968 0.0444279 -0.100366 -0.0610568 -0.0357254 0.067192 0.0493542 0.0854634 -0.0701422 -0.0736276 -0.0123542 0.00267844 -0.0861597 0.0179185 0.112671 0.0822835 0.0480222 -0.0556587 -0.0177997 -0.0475922 -0.0745453 -0.0412182 0.0655837 -0.105863 0.0382561 0.0888693 
0.0641489 -0.0344987 0.135785 0.0667677 -0.0292443 -0.0141966 0.048402 0.059981 0.184374 0.0333166 0.0450824 -0.0741959 -0.179274 0.0932301 -0.148103 0.112183 -0.131585 0.0912509 -0.0675057 -0.0170227 -0.156116 -0.056462 -0.185982 0.0638341 0.101022 -0.0468475 0.0739549 -0.0393536 -0.100048 0.111044 0.0412955 -0.0317073 
0.096905 -0.0668136 -0.0366003 0.0849104 0.0346926 -0.0403636 -0.011859 -0.135457 -0.0146795 -0.0704698 -0.0619304 -0.0987063 0.182437 -0.0521618 -0.0780042 -0.113077 0.113437 0.103971 0.070293 -0.137236 0.133472 -0.140373 0.193527 -0.0905477 0.155968 0.236843 0.0649928 0.0949523 0.0136934 -0.173296 -0.0792057 -0.0473679 
0.00608648 -0.0948408 -0.0679325 -0.0459898 -0.0553879 0.0609724 -0.0896768 -0.069122 0.1018 0.0692823 0.0197896 -0.118444 0.00984437 -0.0844378 -0.12997 -0.0951657 -0.159574 0.00295295 0.0292911 0.102799 0.0580155 -0.0156577 -0.00855397 0.00106349 0.0735369 0.103934 -0.0660523 0.0514954 -0.157668 -0.0653576 0.0626741 -0.0345899 
-0.162009 -0.0585479 -0.0693057 -0.0697792 0.145841 0.0552138 -0.0540732 0.137688 -0.085994 -0.0409755 -0.0840331 -0.100207 0.142961 0.0239838 0.0730736 -0.128091 -0.108583 0.0916896 -0.0477995 0.141649 0.0860029 0.0377461 -0.0267747 -0.0697888 -0.113633 0.0871375 0.0245831 -0.0486538 0.104615 0.076721 -0.00980151 0.15906 
-0.0855306 0.0654813 0.055669 -0.142676 -0.0974785 0.0928004 -0.0209324 0.130131 0.1428 -0.0374805 -0.0788104 0.0485311 -0.0910225 -0.00464547 0.0741803 0.0906755 0.134637 0.0117306 -0.0223176 -0.165948 -0.219008 -0.0233888 0.0635872 0.0552333 -0.114843 0.0675833 -0.0567592 0.026174 0.119937 0.0841704 0.112329 0.0121965 
0.120924 0.0494386 0.00869787 -0.0948811 0.0443427 0.0331945 -0.0247012 0.0224889 -0.0226971 0.0574417 -0.0400948 0.16738 -0.0386776 0.0435033 -0.00784311 0.0458376 0.152555 0.0477541 0.0897968 -0.169579 -0.230015 -0.10588 0.176775 -0.0179635 0.0943842 0.0316161 -0.0995597 0.0804824 0.188825 0.0268081 -0.0163245 0.0559438 
0.159211 -0.0645376 0.130327 0.286267 -0.00379613 -0.203111 -0.0041357 -0.0795694 0.079898 -0.00554049 0.072419 0.0722995 -0.0407307 0.0787798 -0.0894332 0.0128983 -0.0400359 0.0217763 -0.027917 0.128643 -0.0749558 0.0778474 0.0827317 0.0785777 0.02226 0.0346442 -0.0239283 -0.0844326 -0.0488162 0.0415198 0.023311 -0.0239226 
-0.00100254 -0.0452685 0.165143 0.197411 0.0510876 -0.0985016 0.0883003 0.0334041 0.151368 -0.0714339 0.0180075 -0.120578 0.0161173 -0.049334 0.0062871 0.123674 -0.173312 0.0696302 -0.0357117 -0.0634884 -0.18063 0.0651134 0.0769009 -0.0558085 -0.0262054 -0.0117864 0.0458259 -0.0693029 0.134203 0.01863 0.117211 0.0679213 
-0.124156 0.0783788 -0.0166493 -0.142035 -0.0425026 -0.0220666 -0.0977704 0.120501 0.0689176 -0.0648718 -0.0599516 0.254859 -0.0713956 -0.0218375 0.0886059 -0.0162799 0.0958652 0.0878771 0.0512863 -0.028922 -0.154402 0.0797275 -0.00565266 -0.092935 -0.155811 -0.238697 -0.0274837 0.0278594 0.084697 0.0195568 0.0293818 -0.119802 
-0.140081 -0.0829698 0.000133803 0.23398 0.0760032 -0.0290917 -0.082299 0.126585 -0.0994799 -0.0886307 0.00751113 -0.151443 -0.00450911 0.0337332 0.1669 -0.0465608 -0.0217577 0.0207851 -0.0318925 0.0913273 0.0667719 0.128898 0.00775727 -0.0673436 -0.169323 -0.0769047 -0.0243219 -0.0390877 0.0493721 0.0354705 0.0558903 -0.00642075 
0.00417532 -0.0655891 0.0508861 -0.0212203 0.131415 0.0129844 -0.127328 0.0220528 -0.0332669 -0.074275 -0.0118266 0.0271823 -0.0551135 -0.0501889 0.0448941 -0.010972 0.0830258 -0.0152835 0.0866557 0.0693393 -0.0482533 0.106197 0.107095 -0.0899522 0.0751894 0.0232913 -0.0205264 0.0957838 -0.0237448 0.13129 -0.132178 0.243415 
-0.0728776 0.0117779 0.0376392 -0.0471524 0.0237957 -0.0744371 -0.0480401 0.160953 -0.112532 0.102535 0.0515566 -0.0198485 0.111695 0.0339746 0.0591976 -0.0861418 0.069534 -0.0657602 -0.0823423 0.0339918 -0.0316209 -0.0187251 0.179679 -0.0923896 -0.103412 0.0715465 -0.0184866 -0.0797221 0.173431 -0.018811 -0.0602045 -0.0811199 
0.0351618 -0.0461692 -0.0368445 0.0649985 -0.0567745 -0.0559843 0.0813805 0.0915086 0.0334476 -0.00934308 0.0716141 -0.0640419 0.0990396 -0.0921759 -0.108779 0.00167075 0.0797155 -0.0235819 0.00292276 0.0640634 -0.0769573 0.0186189 0.0625139 -0.0774531 0.102103 0.0292405 -0.0762381 0.0681716 -0.0157059 -0.104415 0.0115054 -0.12572 
0.166072 0.0190821 -0.0655403 0.171678 0.0427664 -0.0900388 0.0605478 -0.00143297 0.130777 0.0133385 -0.00932435 -0.0421287 0.0440986 0.0273137 -0.093648 -0.0523019 0.00877977 -0.0754464 0.0266149 0.0453771 0.0575522 0.0589947 -0.103806 -0.0590071 0.126284 0.0615305 0.104642 -0.0725889 -0.173962 -0.0126763 0.0300345 -0.172347 
-0.10231 0.0924634 -0.0809245 -0.171923 0.0986098 0.0781614 -0.0902467 -0.0777683 -0.14473 -0.0186451 -0.0366319 0.0166768 0.0241964 0.00811509 0.0732899 0.00805208 0.0124923 -0.0950037 0.0878923 0.0411166 0.0666015 -0.0458376 0.060349 -0.0454649 -0.0511738 -0.0559131 0.0486208 -0.0823427 0.161024 -0.0653064 -0.0757625 0.213739 
0.00422801 -0.0214349 -0.0186708 -0.00266043 0.0443456 0.0388944 -0.0555072 -0.107342 0.024118 -0.0887394 -0.051807 0.0747709 -0.00365978 0.00250011 0.0629731 0.0296477 0.0151929 -0.049491 0.0468576 0.0321086 -0.0878624 0.0323556 0.0961049 -0.0731344 0.0756396 -0.117569 -0.027424 -0.0610642 -0.13972 -0.031427 -0.0129455 -0.118607 
0.0535299 0.0497666 -0.0919633 0.0590827 0.0193912 -0.115629 0.108802 -0.0248948 -0.104302 0.0735603 -0.0403316 -0.0618418 0.029083 0.0925272 0.0221683 0.0336321 -0.044667 -0.065321 -0.033034 0.0801989 0.112655 0.00528303 -0.0152086 0.0550166 -0.066581 0.0664884 -0.05109 -0.0320508 -0.0575779 -0.110095 0.00169309 -0.106314 
-0.0181302 0.055377 0.0333519 -0.053449 -0.0430962 0.0982383 0.0537363 -0.0106401 0.00847926 0.0304008 -0.0859557 -0.104027 -0.0718942 0.0271814 -0.0703082 -0.0691416 -0.0100579 -0.0416067 -0.0864003 -0.109899 -0.00858113 0.0601522 -0.0855697 -0.0708325 -0.041901 0.0569871 0.0320207 0.0238279 -0.0648897 -0.0740113 -0.0216692 0.112754 
-0.0904606 0.0599672 -0.0279356 -0.00273147 -0.0345585 -0.0310382 0.00765125 0.0197005 0.0529344 -0.0636693 -0.0565701 0.112355 0.109763 0.06066 0.00614988 0.0774062 0.089578 -0.0278668 0.0114364 0.0251384 0.0148047 0.0661425 0.107587 -0.0554076 -0.0775084 0.0991615 -0.0530221 -0.0226828 0.0342446 -0.0340133 -0.0878309 0.0564534 
0.106405 -0.0526057 0.0369638 0.00919901 -0.0171389 -0.0358723 0.0462499 0.0398339 0.0378879 0.0442568 0.01437 -0.00254234 -0.0658842 -0.107561 0.00378192 0.0377013 -0.0246182 0.00472148 -0.0270403 -0.00593718 -0.0749595 0.010676 0.038153 -0.114587 0.020815 -0.0566828 -0.0989605 -0.0779247 -0.0731953 -0.041161 0.10027 -0.0857217 
-0.0542251 0.152335 -0.202944 -0.0712544 -0.0313558 -0.0886373 0.189389 -0.14687 -0.0418003 -0.0303056 0.206974 -0.0220394 0.175579 -0.0609437 0.239837 -0.208082 -0.0398765 -0.0196306 0.168721 -0.112901 0.00127227 0.162917 0.110796 0.0658469 -0.0924579 -0.186613 -0.0108118 -0.0218113 -0.0264216 -0.0973774 -0.0497901 0.0177928 
0.00815774 -0.110211 0.165996 0.00576591 -0.062682 -0.062287 -0.128198 -0.11009 0.190814 -0.0737034 -0.123738 0.00530132 -0.0344172 0.0399221 -0.0745108 -0.279408 -0.0947296 -0.0674366 -0.0354908 -0.0564968 0.0731809 -0.0307414 0.182688 0.089597 0.0980143 -0.0364718 0.0235972 -0.0932423 0.0205765 0.0433627 -0.0845674 -0.088817 
0.0492319 -0.056589 -0.102236 0.039453 0.0733455 -0.10622 -0.150898 -0.180473 0.00322062 -0.0349857 0.0859055 0.0721464 -0.0205975 -0.0918958 0.0440476 0.238992 -0.0564564 -0.213748 0.0157024 0.252276 0.272231 0.116933 -0.0916774 -0.0489088 -0.0125029 0.0455773 0.150685 0.14336 -0.146286 -0.0647979 0.024605 -0.0879667 
-0.15377 0.0290218 -0.100755 -0.0103557 -0.0473242 -0.0135154 0.0619712 0.125716 0.0212221 -0.0262336 0.0889805 -0.0397685 -0.0581059 0.0610263 -0.0393359 0.142595 -0.0631657 -0.0290251 0.101761 0.235422 -0.238818 -0.22697 -0.0177035 -0.104995 0.0401541 0.054563 0.0144718 -0.117794 0.15642 -0.112153 -0.0681375 0.0348009 
-0.113642 0.00807665 -0.021357 -0.0773165 0.109844 -0.126472 -0.0309899 0.00569823 -0.0896649 -0.088957 -0.107928 0.107778 -0.0569881 -0.0296737 -0.120888 0.0320153 -0.0734177 0.27226 -0.0821968 -0.0981556 0.0140312 0.110723 -0.0421436 0.207363 0.0342657 0.221065 0.00136439 -0.0676312 0.0607204 -0.0680824 0.0659261 -0.0459002 
0.237428 -0.0355206 0.0260669 0.0442817 -0.111739 0.118771 0.149963 0.165053 0.00181723 -0.116599 0.0019139 0.0742701 0.0373085 -0.0080284 -0.0257079 0.150577 0.0898393 -0.00637537 -0.130289 -0.228266 0.0509511 -0.122705 -0.20621 0.0189741 -0.0447916 -0.149347 0.0567201 0.0962766 -0.00249256 -0.00356829 0.15453 0.0131447 
-0.0344073 -0.0100264 -0.0873758 0.0476932 -0.00369796 -0.0919752 0.0405403 0.0805412 0.0606332 -0.0734628 -0.0506341 0.0013671 0.0711758 0.00805596 0.0530072 0.084418 0.0379885 -0.0911526 -0.00647014 0.0425698 -0.0134538 -0.0672451 -0.0856892 -0.0725162 -0.00165615 -0.0592229 0.0458416 -0.06704 0.0625324 -0.0887677 -0.0807254 -0.0746578 
-0.0429808 -0.0584091 -0.0597764 -0.0389973 0.0862982 0.0273875 -0.0970972 0.013383 -0.116131 0.0643606 0.0664794 0.00629068 0.0480923 -0.0640541 0.0652119 -0.0573384 -0.0688496 -0.0232954 -0.0922192 -0.106289 -0.0516415 -0.0106836 0.0136554 -0.0777329 -0.0424163 -0.0195836 -0.0909047 0.0229073 -0.0965017 0.0167504 -0.0627204 0.0686576 
0.124634 0.0543263 -0.00988054 -0.175192 0.062922 -0.0542481 0.121628 0.0821575 0.24718 -0.228799 0.0852563 -0.05963 0.00113647 -0.0269702 0.0216165 0.109015 0.0529126 0.0404111 -0.0349459 0.0686312 0.140916 0.120165 -0.15569 -0.00762783 0.301132 -0.0785161 -0.0165328 -0.0848891 0.0759473 -0.020478 -0.0893278 0.0112689 
0.0990514 0.0756055 -0.0914649 -0.000945975 -0.0375575 -0.0306597 -0.0996711 -0.150237 0.430804 